3
35
37
42
75
104
113
130
35910
148
155
157
162
187
194
255
278
303
308
339
358
371
413
443
449
455
457
462
474
492
497
510
525
534
560
590
592
33015
637
679
693
713
750
762
773
844
873
878
898
904
29217
1053
33240
33244
1088
1093
1112
1137
1138
1149
1167
1170
1171
1177
1178
1184
1189
1194
1198
1200
1205
1210
1212
1216
1218
1227
1234
1235
1239
1249
1306
1309
1311
1314
1322
1324
1328
1396
1397
1419
1442
1447
30334
7989
7990
7991
7998
8012
8026
8035
8060
8066
29290
8507
8546
8591
8750
8754
8774
8775
8781
8790
8796
8798
8902
34815
8945
8950
8960
8963
8996
9012
9041
9049
9051
9056
34534
9078
9085
33445
9094
9099
9102
9131
31996
9169
9178
9203
9218
9233
9242
9296
9301
9303
9304
9337
9346
9358
9382
9383
9385
9387
9401
9410
9420
9426
9444
9480
9486
29136
9503
9506
9530
9557
9566
9581
9585
9586
9599
9608
9674
29118
9752
10111
10112
10122
10123
10126
10215
10221
10223
10224
10227
10241
10273
10288
10390
10398
10405
10412
10417
10450
10495
10515
10517
10525
10533
10536
10569
10605
10626
10636
10643
10660
10754
10761
10771
10812
10813
10856
10872
10885
10975
10981
10993
11010
11021
11048
11093
11101
11125
11126
11128
11135
11179
11182
11204
11212
11247
11258
11266
11283
11290
11296
11312
33452
11316
11321
11362
11416
11427
11448
11490
11497
11529
11534
34809
11550
11686
11714
11727
11754
11755
11794
11835
11838
11855
11877
11884
11899
11908
12037
12131
12133
12158
12164
12167
12188
12317
12336
12340
12349
12382
12393
12395
12412
12423
12428
12433
12503
12518
12523
36289
34135
12542
12558
12568
12593
12675
12693
12707
12730
12755
12759
12769
12773
12775
12807
12823
12840
12847
12849
12855
12882
12893
12900
12952
12961
12974
13034
13037
13056
13060
13078
13086
13091
13096
13289
13292
13300
13303
13340
34572
35543
13350
13379
13405
13408
13429
13506
13510
13557
13586
13604
13633
13748
14056
14057
14062
14063
14081
14115
14122
14156
14168
14193
14209
14240
14248
14250
14258
14284
14293
14297
14334
14345
14350
14445
14474
30173
14495
14518
14524
14527
14547
14907
14929
14932
14936
14939
14941
14942
14948
14953
14955
14973
14988
15081
15095
15108
15115
15138
15143
15173
15181
15185
15195
15252
15272
15278
15298
15302
15316
15343
15354
15361
15820
15967
16135
16139
16153
16219
16227
16233
16236
16273
16277
33283
16291
16307
16434
16443
31164
16501
16543
16643
39696
16732
16783
16799
16800
16805
16807
16809
16814
16819
16823
16824
16847
16878
16882
18724
18727
18746
18825
18893
18953
18976
18982
19005
19006
19024
19035
19037
19635
19730
19732
19739
19777
39698
19893
19896
19929
29266
19938
19954
20013
20020
31998
20039
20063
36160
20129
20149
20272
28652
20356
35751
20369
20426
20467
20473
33229
20571
34307
20600
20613
20615
20688
20724
20803
20805
20817
33275
21080
21085
21086
21115
21117
21877
21892
22081
22086
22135
22165
22170
22171
22187
22196
22241
22294
22374
22381
22391
22408
22413
22415
22416
22425
22426
22430
22458
22459
22468
32465
22485
22494
22513
22526
22563
22569
22574
22599
22674
22728
22731
22742
22744
22795
22866
22922
23020
23079
23089
23091
23103
23133
23144
23407
23427
23440
23452
24025
24068
24072
24113
24240
24339
24864
24892
24924
24934
24952
24956
24996
25002
25006
25484
25502
25506
25514
25529
25538
25541
25593
25648
25719
25725
25756
25764
25766
25830
25844
29255
25861
25907
25926
25931
25979
25994
26044
26051
26069
26077
26155
26159
26209
26285
26293
31650
26342
26451
26476
26490
26492
26523
26577
26613
26622
26624
26756
26782
26802
30538
26878
26918
27274
27276
27303
27401
27669
27736
27739
27769
27778
27839
27852
27869
27987
27992
28000
28010
28018
28027
28051
28087
39864
28145
28193
28242
28252
32001
28301
28312
28321
28336
28353
29788
28374
28409
28433
28460
28550
28584
28597
28662
28663
28867
28899
29052
29059
29063
29091
29168
29190
29202
29322
29361
29386
29404
29406
29473
29494
29642
29649
29672
29706
29772
29774
29781
29285
34124
30202
30233
30278
30299
30308
30341
30344
30351
30368
30381
30416
30487
30515
30523
30547
30568
30602
30615
30626
30695
30713
12020
31313
31347
31432
31435
31464
31501
31506
31638
31816
31825
32055
32093
32095
32099
32142
32178
32186
32225
32277
32312
32341
32402
32414
32432
32467
32493
32499
32509
32528
32933
32590
32623
32819
32938
32954
32960
33041
33068
33128
33149
33320
33373
33397
33532
33555
33562
33577
33628
33754
33781
33786
33830
33962
34149
34155
34201
34209
34241
34244
34247
34262
34273
34322
34338
34346
34362
34375
34386
34445
34588
34591
34605
34882
34935
34945
35014
35119
35131
35231
35241
35295
35299
35301
35325
35394
35411
35417
35556
35578
35658
35684
35886
35975
35999
36154
36180
36206
36214
36231
36344
36383
36494
36512
36538
36742
36778
36807
36830
36839
36841
36851
36918
36936
37023
37110
37116
37208
37279
37315
37361
37370
37378
37465
37529
37537
37579
37588
37598
37683
37707
37773
37812
37856
37869
37958
37984
38014
38023
38037
38053
38065
38068
38069
38129
38181
38250
38252
38267
38271
38297
38392
38396
38416
38417
38439
38478
38481
38485
38505
38547
38558
38633
38672
39340
39444
39455
39519
39569
39620
39740
39757
39774
39778
39789
39803
39831
39973
39982
39985
39993
40080
40235
40281
40283
40304
40307
40344
40398
40418
40425
40631
40673
40685
40701
40814
40832
40852
40861
40972
41070
41092
41099
41150
41175
41178
41183
41240
41352
41357
41435
41547
41767
41775
41796
41818
41821
41839
41852
41877
41990
42002
42165
42197
42218
42284
42298
42348
64162
42357
69518
69690
42775
70349
71022
43062
71123
78391
64779
69202
42666
65117
63907
70582
44014
43390
43583
44388
44255
70706
42482
42549
42801
44479
44505
45107
45923
46048
46090
46512
46583
46754
47064
47174
47222
47579
47582
47684
47979
48009
48506
48543
48608
49082
49197
49236
49471
49983
50174
50209
50283
50855
50962
51152
51288
51490
51537
52071
52157
52306
52390
52646
52740
52780
53452
53636
53663
53880
53904
53965
54084
54406
54486
54601
54832
54901
54986
55218
55277
55348
55517
55807
55830
56919
56935
56973
57186
57336
57391
57558
57564
57583
57643
57931
58234
58348
58475
58542
58800
59938
60480
60553
60585
60961
61152
61388
61658
61755
61782
62232
62261
62346
42958
42991
42997
43059
43125
43127
43148
43206
43212
43320
43431
43442
43445
64705
43650
43655
43682
70280
43791
43917
43946
44058
44176
44253
44284
44356
63925
64016
64127
64216
64298
64329
64334
64403
64436
64609
64642
64839
64757
72260
64906
65007
65012
65091
65106
65171
71199
65236
65508
65573
65754
65774
65778
66093
66254
66348
66430
66709
67444
67551
67556
68004
68113
68767
68842
69104
69246
69440
69452
69456
71862
69802
69823
69825
69951
71658
70020
70091
70705
71068
70738
70804
70811
70846
70861
70863
70916
73063
71097
71290
71325
71684
71697
71701
71719
71751
71760
71803
71817
71852
71929
72000
77624
72102
132214
72224
72232
72728
80063
80373
77711
79234
73245
72496
72499
72589
77805
72971
72866
78323
73060
73074
73646
73823
73887
73933
74081
74083
74260
74993
75259
75274
75298
75320
75546
75596
75665
75916
76008
76310
76322
76376
76438
76486
76653
76828
77238
73319
79660
81014
73501
73489
77852
78386
77656
77500
80437
77567
77662
77808
77879
77896
77904
78086
78214
78464
78958
89283
80137
79987
80425
79889
79952
80307
80330
80525
80866
80894
80976
80982
80985
81417
81206
81488
81551
81899
81957
82664
82900
82979
83301
83383
83813
87660
88159
88248
88288
89207
90215
90219
90244
90246
90348
90811
90812
90881
91267
91420
98292
99635
31990
115357
130894
120987
121292
121392
129704
129779
131642
134343
134995
136003
136004
136005
136006
143032
142348
142545
142923
143028
143030
143031
143033
143034
149668
151967
151969
154101
162971