0
1
1
2
2
2
2
2
3
3
3
4
5
5
8
8
9
9
10
10
11
11
13
13
13
13
13
13
13
14
15
17
18
18
18
18
18
18
18
18
18
18
18
18
18
18
18
18
18
18
18
18
18
18
18
18
18
18
18
18
18
18
18
18
18
18
18
18
18
18
18
18
18
18
18
18
18
18
18
18
18
18
18
18
20
22
22
22
22
22
22
22
23
23
24
25
25
26
27
27
28
28
29
29
30
30
31
32
33
34
34
34
34
34
34
34
34
34
34
34
35
36
38
38
38
38
38
38
39
39
40
40
40
40
40
40
41
41
41
41
41
41
41
41
41
41
41
41
41
41
41
41
41
41
41
41
41
41
41
41
41
41
42
42
42
42
42
42
43
43
43
43
43
43
44
44
44
44
45
45
45
45
45
45
46
46
46
46
46
46
46
46
46
46
46
46
46
46
46
48
48
50
50
50
50
50
50
50
50
50
50
50
50
50
50
50
50
50
51
51
51
51
51
51
51
51
51
51
51
51
51
52
53
54
54
55
55
55
55
55
55
56
56
56
56
56
56
60
61
61
61
61
62
62
62
62
63
64
65
65
65
65
66
66
66
66
67
67
67
67
68
68
68
68
69
69
69
69
70
70
71
71
72
74
75
75
75
75
76
76
76
76
77
77
77
78
78
78
79
80
81
87
87
88
88
88
88
89
89
89
89
90
90
91
91
91
91
91
91
93
93
93
93
95
96
96
97
97
97
97
97
97
97
97
98
98
98
99
101
101
101
101
102
104
105
108
110
110
111
111
112
112
113
113
114
115
116
117
117
117
117
117
117
117
117
117
117
117
117
117
117
117
120
120
120
120
120
120
120
121
122
122
122
122
122
123
123
123
124
124
124
124
125
125
125
127
129
130
130
130
130
132
133
134
134
134
134
134
134
134
134
135
135
135
136
136
136
136
137
137
137
137
137
138
139
139
139
139
139
139
140
140
143
143
144
144
144
146
146
147
148
148
148
149
150
152
152
156
156
156
159
159
159
159
159
161
162
162
162
162
162
162
162
162
162
162
162
162
162
162
162
162
162
162
162
162
162
162
162
162
162
162
162
162
163
163
163
163
163
163
163
163
163
163
163
163
163
163
163
163
163
163
163
163
163
163
163
163
163
163
163
163
163
163
163
163
164
166
167
168
168
169
169
169
169
170
170
170
170
170
170
170
170
170
170
170
171
171
171
171
172
172
172
172
172
172
174
174
177
177
178
179
180
180
180
180
180
180
181
181
181
181
181
181
182
183
184
184
184
184
184
184
184
184
184
184
184
185
187
187
187
193
193
195
195
197
197
197
197
197
197
197
197
197
197
197
197
197
197
197
197
197
197
197
197
197
197
197
197
197
197
197
197
197
197
197
197
197
197
197
197
197
197
197
198
198
198
198
199
199
200
200
201
201
201
201
202
203
203
204
204
204
204
204
204
204
204
204
204
204
205
206
206
207
207
208
208
212
213
213
213
213
213
213
213
213
213
213
213
213
213
213
213
213
213
213
214
214
214
214
214
214
215
215
215
215
215
215
215
215
215
215
215
216
216
217
217
217
217
217
217
217
217
217
217
217
217
217
217
217
217
217
217
218
218
218
218
218
218
218
219
219
219
219
219
219
219
219
220
220
220
220
220
220
220
220
220
220
220
220
220
220
221
221
221
221
221
221
221
221
221
221
222
222
222
222
223
223
223
223
224
224
224
224
224
224
224
224
224
224
224
225
225
225
225
225
225
225
225
225
225
225
226
226
226
228
229
229
229
229
230
230
230
230
230
230
230
230
230
230
230
230
230
230
230
230
230
230
230
230
230
230
230
230
230
230
230
230
230
230
230
230
230
230
230
230
230
230
230
230
230
230
230
231
238
238
239
239
239
240
241
241
241
241
242
242
243
243
243
245
245
245
246
246
246
246
246
246
246
246
246
246
246
246
246
246
246
246
246
246
247
247
248
248
248
248
248
248
248
249
249
250
250
250
250
250
250
250
250
250
250
250
251
255
255
255
255
255
255
255
255
255
258
258
259
259
259
259
260
260
260
260
261
262
262
263
267
268
268
268
270
270
270
270
270
270
270
270
270
270
270
270
270
270
270
270
270
270
270
271
271
271
271
271
271
271
272
272
272
272
272
272
276
276
276
279
280
280
280
280
280
280
280
280
281
281
281
281
281
281
281
281
282
282
282
283
283
283
283
284
284
284
284
285
286
286
286
286
286
286
287
288
288
291
293
294
294
295
295
295
299
299
300
300
301
301
302
302
302
302
302
302
302
304
304
304
304
304
304
304
305
305
305
305
305
305
306
306
307
307
308
308
308
308
308
308
308
308
308
308
308
308
308
308
308
308
308
308
308
308
308
308
308
308
308
308
308
308
308
308
308
308
308
308
308
308
308
308
308
308
308
308
308
308
308
308
308
308
308
308
308
308
308
308
308
308
308
310
310
310
310
310
310
310
311
311
311
311
312
312
312
312
312
312
312
312
312
312
312
312
312
312
312
312
312
312
312
312
312
312
312
312
312
312
312
312
312
312
312
312
312
312
312
313
313
313
317
318
318
319
319
319
319
319
319
320
320
321
321
322
323
325
326
326
326
328
328
328
328
329
329
329
329
329
329
329
329
329
329
329
329
329
329
329
329
329
329
329
329
329
329
329
329
329
329
329
329
329
329
329
329
329
329
329
329
329
329
329
329
329
329
329
329
330
330
331
332
332
333
335
336
337
339
340
340
340
340
340
340
340
341
342
342
342
343
343
345
345
346
346
348
348
348
348
349
349
349
350
350
350
350
350
350
350
350
350
350
350
350
350
350
350
350
350
350
350
350
350
350
350
350
353
356
359
359
363
364
364
366
366
366
366
366
366
366
366
366
366
366
366
366
366
366
366
366
366
366
366
366
366
367
367
367
367
367
367
367
367
367
367
367
367
367
367
367
367
367
367
367
367
367
368
368
368
368
368
368
368
368
368
368
369
369
369
369
369
369
369
369
369
369
371
372
372
373
374
374
374
374
374
374
374
375
376
377
378
378
379
380
380
380
380
380
380
380
380
380
380
380
380
380
380
380
380
380
380
380
380
380
380
380
380
380
380
382
382
382
383
383
384
384
386
386
387
388
389
392
392
392
393
393
393
393
393
393
394
394
394
394
394
394
395
397
397
397
397
397
397
397
397
397
397
397
397
397
397
398
399
399
399
399
400
400
401
401
401
401
401
401
401
401
401
401
401
403
404
404
404
404
405
405
405
406
406
406
406
406
406
406
406
406
406
406
406
406
406
406
406
406
406
406
406
406
406
406
409
409
409
409
409
409
409
411
411
412
412
412
412
413
413
413
413
414
414
414
414
414
414
414
414
414
414
414
415
415
415
415
416
419
420
420
420
420
421
421
421
421
421
421
421
421
422
422
422
422
423
423
423
423
424
424
424
424
425
427
427
428
428
428
428
428
432
432
433
433
433
433
433
433
433
433
433
433
433
434
434
435
435
435
435
435
437
437
439
441
442
442
442
442
443
443
443
443
443
443
443
443
443
443
443
444
444
447
447
447
447
447
452
452
452
452
453
454
454
455
455
455
456
458
459
461
461
462
462
463
463
463
465
465
466
466
467
467
467
467
467
467
467
467
467
467
467
467
467
467
467
467
467
467
467
467
467
467
467
469
469
469
470
470
470
471
472
476
477
477
477
477
477
477
477
477
478
478
478
480
480
484
486
486
486
488
489
490
494
494
494
495
495
495
495
495
495
495
495
495
495
495
495
495
495
495
495
496
496
496
496
496
497
498
498
499
499
499
499
501
501
501
501
502
505
505
505
505
505
505
505
505
505
506
506
506
506
507
507
507
507
508
508
509
509
511
512
512
513
515
515
515
515
515
515
515
515
515
516
516
516
516
516
516
516
516
516
516
516
516
516
516
516
516
516
516
516
516
516
516
516
516
516
517
518
518
518
518
518
519
519
522
522
522
522
522
522
522
522
522
522
522
522
522
522
522
522
522
522
522
522
522
522
522
522
522
522
522
522
522
522
522
522
522
522
522
522
522
522
522
522
523
524
524
525
525
525
525
525
525
525
525
525
525
525
525
525
525
525
525
525
525
525
525
525
525
525
525
525
525
525
525
525
525
525
525
525
525
525
525
525
525
525
525
525
525
525
525
525
525
525
525
525
525
525
525
526
526
527
527
529
530
530
530
530
531
531
531
531
531
532
532
533
533
535
536
537
537
538
538
538
539
539
539
540
541
542
542
542
542
544
547
548
548
549
549
549
549
549
549
551
552
554
555
557
557
557
557
557
557
557
557
557
557
557
557
557
557
557
557
557
557
557
558
560
560
563
563
563
563
563
563
563
565
565
566
566
566
566
566
567
569
569
569
570
570
573
575
575
575
575
575
575
576
579
580
581
584
584
584
584
584
584
584
584
584
584
584
584
585
585
585
585
585
585
585
585
585
585
585
585
585
585
585
585
585
585
585
585
585
585
585
585
586
586
586
587
588
589
590
590
590
591
591
591
592
592
593
594
594
594
594
595
595
595
596
596
596
596
596
596
596
596
597
598
599
599
599
599
599
600
600
600
601
603
603
603
603
603
604
608
608
608
608
608
609
609
609
609
609
611
614
617
619
619
619
619
619
619
619
619
620
620
620
621
622
625
626
628
628
628
628
628
628
628
628
628
628
628
628
628
631
632
633
633
633
633
634
635
635
635
635
638
638
638
638
638
638
638
638
638
638
638
638
638
638
639
640
642
643
643
644
648
648
648
648
648
648
648
648
648
648
648
649
649
649
649
651
651
651
651
652
653
653
653
653
654
655
655
655
655
655
655
658
659
660
660
661
662
663
665
665
667
667
668
668
669
669
669
669
669
669
669
669
669
669
669
669
669
669
669
669
669
669
669
670
670
670
670
671
672
673
673
674
674
674
675
678
682
683
685
687
687
687
688
691
694
694
694
694
694
694
694
694
694
694
694
694
696
699
699
699
699
700
700
701
703
703
704
704
704
704
704
704
704
704
704
704
704
705
706
706
709
710
710
711
711
712
712
713
713
715
715
718
718
718
719
719
719
719
724
727
727
729
730
732
735
739
740
740
740
740
740
741
741
742
742
742
742
742
742
742
742
742
742
742
742
742
743
744
745
746
747
749
750
752
752
753
754
754
758
758
758
758
760
760
760
762
763
764
764
764
764
764
766
766
766
768
769
770
771
772
774
777
778
780
781
781
781
781
783
785
785
785
785
785
785
785
785
785
785
785
785
785
785
785
785
785
785
785
785
785
785
786
787
787
789
790
790
790
790
790
790
790
790
790
790
791
791
792
792
793
793
793
803
804
804
804
804
804
804
805
805
805
805
810
810
810
810
810
812
812
815
815
817
819
820
820
824
824
825
825
826
827
833
834
834
834
834
835
835
835
835
836
836
836
836
837
837
837
837
837
837
837
837
837
837
838
842
842
844
844
844
844
844
845
845
853
853
857
857
858
858
858
858
858
858
858
860
863
864
865
866
867
867
869
869
869
872
872
872
873
874
874
874
880
881
882
882
885
885
885
886
886
887
887
887
887
888
888
888
888
888
888
891
893
893
893
893
895
895
896
896
896
896
896
896
896
899
899
900
902
902
902
902
902
902
902
902
902
902
902
902
902
902
902
902
902
903
903
904
904
904
904
910
912
912
914
915
915
919
920
923
924
928
928
928
928
928
928
935
935
936
939
941
942
943
943
945
945
946
950
953
953
959
959
959
960
960
960
961
965
966
970
971
972
973
978
982
986
988
989
991
991
991
991
993
993
998
999
1004
1006
1006
1009
1009
1013
1015
1016
1016
1017
1024
1024
1024
1028
1029
1030
1030
1032
1034
1036
1036
1038
1038
1038
1038
1038
1038
1038
1038
1038
1039
1040
1044
1044
1045
1045
1045
1046
1051
1052
1053
1054
1054
1054
1056
1056
1056
1056
1056
1056
1058
1058
1058
1058
1058
1058
1060
1063
1064
1065
1067
1067
1069
1070
1073
1073
1073
1077
1078
1078
1078
1078
1079
1081
1082
1082
1082
1086
1086
1086
1097
1113
1117
1117
1117
1117
1117
1117
1117
1118
1129
1129
1133
1136
1145
1150
1156
1156
1156
1156
1157
1157
1158
1158
1162
1163
1164
1164
1179
1182
1187
1196
1196
1198
1198
1198
1202
1202
1202
1206
1207
1207
1209
1228
1230
1230
1230
1230
1243
1253
